>>> ian_atlas_combined.print_all_overlaps()

Overlaps for brainscan (1, 1)
[[    0     0     0     0     0     0     0     0     0]
 [    0 20799     3     0    27     0    66 20799     0]
 [    0     3  3213     0    67     0     5     3     0]
 [    0     0     0  8398     0     0     0     0     0]
 [    0    27    67     0 25888     6   578    27     0]
 [    0     0     0     0     6  1021     0     0     0]
 [    0    66     5     0   578     0  2123    66     0]
 [    0 20799     3     0    27     0    66 20799     0]
 [    0     0     0     0     0     0     0     0   706]]
Overlaps for brainscan (1, 2)
[[    0     0     0     0     0     0     0     0     0]
 [    0 17384     6     0     3     0    37 17384     0]
 [    0     6  2852     0    94     0    13     6     0]
 [    0     0     0  2804     0     0     0     0     0]
 [    0     3    94     0 19540     1   309     3     0]
 [    0     0     0     0     1  1317     0     0     0]
 [    0    37    13     0   309     0  1941    37     0]
 [    0 17384     6     0     3     0    37 17384     0]
 [    0     0     0     0     0     0     0     0   491]]
Overlaps for brainscan (2, 1)
[[    0     0     0     0     0     0     0     0     0]
 [    0  8569     0     0     9     0   137  8569     0]
 [    0     0  2466     1  1003     0    16     0     0]
 [    0     0     1  3378   175     1     7     0     0]
 [    0     9  1003   175 12857    59   418     9     1]
 [    0     0     0     1    59  1101     0     0     0]
 [    0   137    16     7   418     0  4660   137     0]
 [    0  8569     0     0     9     0   137  8569     0]
 [    0     0     0     0     1     0     0     0   887]]
Overlaps for brainscan (3, 1)
[[    0     0     0     0     0     0     0     0     0]
 [    0 18816     0     0   387     8   443 18816     4]
 [    0     0  2304     0   806     0    17     0     0]
 [    0     0     0  3510     0     0     0     0     0]
 [    0   387   806     0 18726    54   384   387   122]
 [    0     8     0     0    54   924     0     8     0]
 [    0   443    17     0   384     0  6003   443     0]
 [    0 18816     0     0   387     8   443 18816     4]
 [    0     4     0     0   122     0     0     4  1395]]
Overlaps for brainscan (3, 2)
[[    0     0     0     0     0     0     0     0     0]
 [    0 12660     0     0     0     9   134 12660     0]
 [    0     0  2279     0    49     0     1     0     0]
 [    0     0     0  3751     0     0     0     0     0]
 [    0     0    49     0  7213    84   473     0    15]
 [    0     9     0     0    84   937     2     9     0]
 [    0   134     1     0   473     2  4925   134     2]
 [    0 12660     0     0     0     9   134 12660     0]
 [    0     0     0     0    15     0     2     0   839]]
